1
0
0
1
1
1
0
1
0
1
0
0
0
1
1
0
1
1
0
0
1
0
0
0
1
1
1
1
1
0
1
1
0
0
1
0
0
0
0
0
1
1
1
1
0
0
1
1
0
1
0
1
1
0
0
0
0
0
1
1
0
0
1
0
0
0
0
1
0
0
0
0
0
1
0
0
0
1
0
0
0
0
0
0
1
1
0
1
0
1
0
0
1
1
0
0
1
0
1
0


1: BCP
[[-10, 'Backtrack'], [-18, 12], [13, 92], [11, 'DL'], [19, 16],
[-4, 'Backtrack'], [20, 28], [14, 67], [15, 'DL'], [3, 8], [-1, 125],
[-2, 9], [17, 'DL'], [8, 'DL'], [9, 'DL'], [6, 'DL']]

trail = [[-10, 'backtrack'], [-18, 12], [13, 92], [11, 'DL'], [19, 16], [-4, 'backtrack'], [14, 67], [20, 28], [15, 'DL'], [3, 8], [-1, 125], [-2, 9], [17, 'DL'], [8, 'DL'], [9, 'DL'], [-6, 'backtrack'], [-16, 1], [5, 'DL'], [7, 'DL'], [12, 'DL']]

trail = [[-10, 'backtrack'], [-18, 12], [13, 92], [11, 'DL'], [19, 16], [-4, 'backtrack'], [14, 67], [20, 28], [15, 'DL']]

[[-10, 'backtrack'], [-18, 12], [13, 92], [11, 'DL'], [19, 16],
[-4, 'backtrack'], [14, 67], [20, 28], [-15, 'backtrack'], [17, 79],
[-3, 'backtrack'], [8, 77], [-1, 'backtrack'], [-2, 9], [12, 57],
[-7, 95], [5, 101], [-16, 75], [6, 50], [7, 64], [9, 116],
[-12, 64], [-9, 7], [-6, 55]]

trail = [[-10, 'backtrack'], [-18, 12], [13, 92], [-11, 'backtrack'],
[6, 0], [-1, 47], [-3, 78], [-16, 123],
[5, 25], [8, 118], [-15, 8], [19, 117], [-8, 18],
[-4, 93], [-5, 18], [17, 79], [-2, 9], [12, 57]]
